0 0 0 0 0 0 0 0 0 0 0 0 0 0 0 0 0 0 0 0 0 0 0 0 0 0 0 0 0 0 
0 0 0 0 0 0 0 0 0 0 0 0 0 0 0 0 0 0 0 0 0 0 0 0 0 0 0 0 0 0 
0 1 1 1 1 1 2 1 1 1 1 1 1 1 1 1 1 1 0 0 1 1 1 1 1 1 1 1 1 0 
0 1 0 0 1 0 0 0 0 0 1 0 0 0 1 0 0 1 0 0 0 0 1 0 0 0 0 0 1 0 
0 1 0 0 1 0 0 0 0 0 1 0 0 0 1 0 0 1 1 1 0 0 1 0 0 0 0 0 1 0 
0 1 0 0 1 0 0 1 1 1 1 0 0 0 1 0 0 0 0 0 0 0 1 1 1 1 0 0 1 0 
0 1 0 0 1 0 0 1 0 0 1 0 0 0 1 0 0 0 0 0 0 0 1 0 0 1 0 0 1 0 
0 1 1 1 1 1 1 1 0 0 1 1 2 1 1 1 1 1 1 1 1 1 1 0 0 1 0 0 1 0 
0 1 0 0 0 0 0 1 0 0 1 0 0 0 0 0 0 0 0 1 0 0 0 0 0 1 0 0 1 0 
0 1 0 0 0 0 0 1 0 0 1 0 0 0 0 0 0 0 0 1 0 0 0 0 0 2 0 0 1 0 
0 1 1 1 1 0 0 1 1 1 1 1 1 1 1 1 1 1 1 1 0 0 1 1 1 1 1 1 1 0 
0 0 0 0 1 0 0 1 0 0 1 0 0 0 0 1 1 0 0 1 0 0 1 0 0 0 0 0 1 0 
0 0 0 0 1 0 0 1 0 0 1 0 0 0 0 1 1 0 0 1 0 0 1 0 0 0 0 0 1 0 
0 2 1 1 1 1 1 1 0 0 1 0 0 0 0 1 1 0 0 1 1 1 1 1 1 1 0 0 1 0 
0 1 0 0 0 0 0 0 0 0 1 0 0 0 0 1 1 0 0 0 0 0 1 0 0 1 0 0 1 0 
0 1 0 0 0 0 0 0 0 0 1 0 0 0 0 1 1 0 0 0 0 0 1 0 0 1 0 0 1 0 
0 1 1 1 1 1 1 1 0 0 1 0 0 0 0 1 1 0 0 1 1 1 1 1 1 1 0 0 1 0 
0 0 0 0 1 0 0 1 0 0 3 0 0 0 0 1 1 0 0 1 0 0 1 0 0 0 0 0 1 0 
0 0 0 0 1 0 0 1 0 0 1 0 0 0 0 1 1 0 0 1 0 0 1 0 0 0 0 0 1 0 
0 1 1 1 1 0 0 1 1 1 1 1 1 1 1 1 1 1 1 1 0 0 1 1 1 1 1 1 1 0 
0 1 0 0 0 0 0 1 0 0 1 0 0 0 0 0 0 0 0 1 0 0 0 0 0 1 0 0 1 0 
0 1 0 0 0 0 0 1 0 0 1 0 0 0 0 0 0 0 0 2 0 0 0 0 0 1 0 0 1 0 
0 1 1 1 1 1 1 1 0 0 1 1 1 1 1 1 1 1 1 1 2 1 1 0 0 1 0 0 1 0 
0 1 0 0 1 0 0 1 0 0 1 0 0 0 1 0 0 0 0 0 0 0 1 0 0 1 0 0 1 0 
0 1 0 0 1 0 0 1 1 1 1 0 0 0 1 0 0 0 0 0 0 0 1 1 1 1 0 0 1 0 
0 1 0 0 1 0 0 0 0 0 1 0 0 0 1 0 0 1 1 1 0 0 1 0 0 0 0 0 1 0 
0 1 0 0 1 0 0 0 0 0 1 0 0 0 1 0 0 1 0 0 0 0 1 0 0 0 0 0 1 0 
0 1 1 1 1 1 1 1 1 1 1 1 1 1 1 1 1 1 0 0 1 1 1 1 1 1 1 1 1 0 
0 0 0 0 0 0 0 0 0 0 0 0 0 0 0 0 0 0 0 0 0 0 0 0 0 0 0 0 0 0 
0 0 0 0 0 0 0 0 0 0 0 0 0 0 0 0 0 0 0 0 0 0 0 0 0 0 0 0 0 0 
1 1 1 1 1 1 1 1 1 1 1 1 1 1 1 1 1 1 1 1 1 1 1 1 1 1 1 1 1 1 
1 1 1 1 1 1 1 1 1 1 1 1 1 1 1 1 1 1 1 1 1 1 1 1 1 1 1 1 1 1 
1 4 4 4 4 4 4 1 4 4 1 4 4 4 4 4 4 4 1 1 4 4 4 4 4 4 4 4 4 1 
1 4 1 1 4 1 1 1 1 1 1 1 1 1 4 1 1 4 1 1 1 1 4 1 1 1 1 1 4 1 
1 4 1 1 4 1 1 1 1 1 1 1 1 1 4 1 1 4 1 4 1 1 4 1 1 1 1 1 4 1 
1 1 1 1 4 1 1 4 4 4 1 1 1 1 4 1 1 1 1 1 1 1 4 4 1 4 1 1 4 1 
1 4 1 1 4 1 1 4 1 1 1 1 1 1 4 1 1 1 1 1 1 1 4 1 1 4 1 1 4 1 
1 4 4 5 4 4 4 4 1 1 1 4 4 4 4 4 4 1 4 4 4 4 4 1 1 4 1 1 4 1 
1 4 1 1 1 1 1 1 1 1 1 1 1 1 1 1 1 1 1 4 1 1 1 1 1 4 1 1 4 1 
1 4 1 1 1 1 1 1 1 1 1 1 1 1 1 1 1 1 1 4 1 1 1 1 1 1 1 1 1 1 
1 4 4 4 1 1 1 4 4 4 1 4 4 1 4 4 4 4 4 4 1 1 4 4 4 4 4 1 4 1 
1 1 1 1 4 1 1 4 1 1 1 1 1 1 1 4 4 1 1 4 1 1 4 1 1 1 1 1 4 1 
1 1 1 1 4 1 1 4 1 1 1 1 1 1 1 4 4 1 1 4 1 1 4 1 1 1 1 1 1 1 
1 4 4 4 1 4 4 4 1 1 1 1 1 1 1 4 4 1 1 4 4 4 1 4 4 4 1 1 1 1 
1 4 1 1 1 1 1 1 1 1 1 1 1 1 1 4 4 1 1 1 1 1 4 1 1 4 1 1 4 1 
1 4 1 1 1 1 1 1 1 1 1 1 1 1 1 4 4 1 1 1 1 1 4 1 1 4 1 1 4 1 
1 4 4 4 1 4 4 4 1 1 1 1 1 1 1 4 1 1 1 1 4 4 4 4 4 1 1 1 4 1 
1 1 1 1 4 1 1 4 1 1 1 1 1 1 1 4 4 1 1 1 1 1 4 1 1 1 1 1 4 1 
1 1 1 1 4 1 1 4 1 1 1 1 1 1 1 4 1 1 1 4 1 1 4 1 1 1 1 1 4 1 
1 4 1 4 4 1 1 4 4 4 1 1 4 4 4 4 4 4 4 4 1 1 1 4 4 4 4 4 4 1 
1 4 1 1 1 1 1 4 1 1 1 1 1 1 1 1 1 1 1 4 1 1 1 1 1 6 1 1 4 1 
1 4 1 1 1 1 1 4 1 1 1 1 1 1 1 1 1 1 1 4 1 1 1 1 1 4 1 1 4 1 
1 4 4 4 4 4 1 4 1 1 1 4 4 4 4 1 4 4 4 4 4 4 4 1 1 4 1 1 4 1 
1 4 1 1 1 1 1 1 1 1 1 1 1 1 1 1 1 1 1 1 1 1 4 1 1 4 1 1 4 1 
1 4 1 1 4 1 1 4 4 4 1 1 1 1 4 1 1 1 1 1 1 1 4 4 4 4 1 1 4 1 
1 4 1 1 4 1 1 1 1 1 1 1 1 1 4 1 1 4 1 4 1 1 4 1 1 1 1 1 4 1 
1 4 1 1 4 1 1 1 1 1 1 1 1 1 4 1 1 4 1 1 1 1 4 1 1 1 1 1 4 1 
1 4 4 4 4 4 4 4 4 4 1 1 4 4 1 4 4 4 1 1 4 4 4 4 4 4 4 4 4 1 
1 1 1 1 1 1 1 1 1 1 1 1 1 1 1 1 1 1 1 1 1 1 1 1 1 1 1 1 1 1 
1 1 1 1 1 1 1 1 1 1 1 1 1 1 1 1 1 1 1 1 1 1 1 1 1 1 1 1 1 1 
22 20 false false 1
7 12 false false 1
9 25 false false 1
2 6 false false 1
13 1 false false 1
21 19 false false 1
17 10 false false 3 0 10 261
